5 50
5 40
5 50
5 35
5 50
5 20
5 14
5 12
5 45
5 25
5 15
5 13
5 20
5 40
5 30
5 45
5 40
5 45
5 25
5 11
5 20
5 13
5 50
5 35
5 35
5 20
5 50
5 19
5 35
5 25
5 25
5 20
5 15
5 13
5 40
5 25
5 35
5 25
5 17
5 30
5 23
5 25
5 13
5 50
5 20
5 35
5 30
5 8
5 40
5 45
5 20
5 40
5 30
5 9
5 45
5 11
5 15
5 15
5 15
5 24
5 30
5 30
5 20
5 12
5 35
5 50
5 35
5 50
5 25
5 40
5 50
5 15
5 35
5 16
5 10
5 20
5 9
5 20
5 35
5 50
5 30
5 21
5 25
5 20
5 45
5 17
5 25
5 40
5 12
5 40
5 45
5 25
5 40
5 17
5 21
5 20
5 40
5 15
5 15
5 35
5 40
5 50
5 20
5 45
5 35
5 50
5 20
5 30
5 20
5 30
5 15
5 35
5 14
5 45
5 25
5 19
5 50
5 30
5 16
5 12
5 30
5 18
5 35
5 35
5 30
5 25
5 10
5 35
5 50
5 18
5 50
5 30
5 12
5 40
5 9
5 50
5 35
5 11
5 50
5 30
5 45
5 24
5 16
5 40
5 35
5 12
5 30
5 20
5 50
5 24
5 11
5 35
5 35
5 17
5 12
5 14
5 45
5 40
5 50
5 35
5 40
5 30
5 17
5 40
5 22
5 35
5 45
5 40
5 14
5 45
5 45
5 45
5 35
5 25
5 11
5 24
5 15
5 17
